2473 4 5
836 1163
1123 230
836 1099
2451 501
721 1567
1416 914
586 2308
877 1160
314 1513
1279 2190
1051 1399
386 2101
1834 1658
942 1102
1176 1005
874 646
1270 77
1648 1949
1098 1180
163 719
856 629
1591 1245
2132 1919
1892 1553
1508 1604
287 2431
342 818
1525 1319
1850 1766
857 1611
2132 1926
1195 2063
84 1524
952 2424
1896 2438
1438 2357
1204 1705
128 74
238 1697
1347 535
1093 554
1439 1918
2181 1645
1590 2343
1930 702
426 1150
916 1760
1632 1451
765 136
457 1248
1518 895
1665 856
1375 1171
1875 2175
1135 2268
2461 1589
1758 348
179 1488
2350 1227
1275 158
2429 647
1916 2336
329 293
1741 911
874 299
757 2359
1280 2026
1275 642
614 831
957 1832
484 724
1748 2343
878 2214
2250 145
901 1415
131 1828
2099 1791
585 1630
1878 1815
1793 1019
73 1938
996 443
591 346
178 286
2128 1733
2416 1387
73 2369
1383 1991
1025 1062
196 622
305 2376
1516 2378
2416 478
749 453
829 894
303 1442
1371 2370
1341 1333
1889 1059
853 2396
1951 1701
1190 1346
1014 1550
1164 1294
76 324
1809 105
1735 1362
1468 1489
161 339
1566 1486
2283 1551
208 322
605 1866
1131 2227
1372 1501
1547 636
82 2135
1893 2233
1267 2063
2223 1339
1724 824
1682 128
1978 744
444 1646
1020 540
746 6
773 2412
2071 1692
1905 566
1343 1576
1365 1658
606 1982
1098 586
277 883
1211 2316
1460 2305
21 776
1615 2245
1474 1213
858 714
1660 1967
732 1206
1902 1661
367 641
1611 1561
1510 325
1040 1069
1418 755
1789 655
1767 2186
2400 1503
201 1607
2255 733
1960 2466
606 1776
1507 2452
1469 2279
1282 1020
87 747
178 1860
1879 1627
330 1913
134 688
664 2114
1669 862
1687 1781
2005 2090
1103 84
1740 2348
383 527
2171 1620
1907 2292
1325 1474
85 352
196 54
1120 1712
2027 1732
2473 1758
2033 1020
689 417
506 1444
713 886
845 1767
738 1374
85 959
2376 1751
869 99
1047 1556
2354 1885
802 121
1475 1999
431 2454
386 2090
31 245
2026 1509
1460 2100
170 1888
544 1979
2158 252
1339 1403
1620 420
232 1584
1854 2309
2345 44
991 768
698 1267
24 1751
1629 1106
2339 927
2195 2107
1529 537
2424 2178
1548 305
2048 136
2322 2385
1526 140
415 743
873 1677
330 2392
657 974
1956 2041
1772 424
1153 2072
909 2437
1155 1277
14 347
1281 987
31 942
832 240
935 962
128 2052
14 1591
1922 569
1113 2463
717 2079
1449 2325
2186 1450
1480 1660
846 333
127 414
2103 1094
398 354
1345 969
722 865
1266 1389
121 810
1114 729
2420 1431
1333 1494
649 1304
1195 808
1007 1792
1958 790
2017 410
1826 2118
1853 1699
190 670
1391 1972
1728 1243
522 1041
161 1460
2310 378
863 68
851 1232
272 649
817 526
1738 657
1897 1103
1800 2337
1033 2019
2433 820
101 917
1804 2017
821 1355
1755 266
501 2128
1263 498
101 1620
1085 1276
2351 2276
617 2453
268 619
1648 173
599 1081
640 2051
1531 723
328 513
108 1676
600 2064
1872 2094
82 999
587 165
1768 1506
719 2183
1579 1406
2313 2460
1405 676
2387 859
2020 549
2346 1021
1362 1939
1356 1287
535 1121
1642 1732
998 697
712 2236
247 1629
188 1412
362 1784
1285 351
1465 777
556 1251
1922 1319
2308 537
2039 60
101 547
2159 1398
1232 1077
1218 1503
2097 1640
244 759
716 2322
789 1139
662 1330
2160 355
1178 1845
1661 2353
84 295
1708 2211
1755 203
829 2100
1764 2085
1472 310
433 1807
1102 1311
2055 430
788 628
720 435
1422 536
373 36
1405 1669
2040 1897
2409 1856
291 952
1789 1043
386 425
1788 348
1728 1586
1704 1511
493 263
1947 370
2191 553
378 1640
1818 2101
1184 386
873 2303
1241 2004
355 84
2037 1979
667 1196
1588 1558
1352 1172
216 1018
47 1517
1801 1521
1499 1907
2362 535
808 2313
112 667
1183 2352
294 2044
101 2103
1359 1212
1664 950
1908 27
2032 1191
1398 2415
792 1816
1246 609
582 1579
1576 1671
234 1089
278 743
631 1397
1332 627
106 1187
1384 242
1657 2393
1079 864
173 402
2090 897
1598 804
1144 282
2054 508
1919 1973
489 1800
477 1301
66 837
2226 1959
773 5
1927 1214
278 1096
1465 392
1818 1513
1829 1161
380 1787
1356 1005
380 854
1003 2204
233 1605
1070 104
731 1921
58 1471
2300 1723
1695 1613
443 663
653 749
93 1499
2434 1283
49 1841
342 931
1628 1667
2130 1886
1962 12
2019 869
1961 1443
569 674
512 154
1502 1249
1225 632
2009 1019
184 661
1464 1127
199 596
1804 20
2095 2370
402 1341
574 337
599 1541
1372 989
544 580
1289 707
991 879
370 608
66 190
810 29
252 1045
15 1947
2381 1636
1654 2173
1977 685
1431 1809
480 329
463 1817
2160 1233
534 1879
1219 1791
716 99
1616 1793
1558 1534
1765 2038
484 2400
1483 1498
673 1852
1060 2045
2211 141
1585 1968
904 1046
1155 1882
2471 875
2265 1167
230 1102
895 1114
668 1581
1048 958
1714 1512
1120 511
83 1595
1435 2358
2371 2360
1589 135
1884 181
2295 879
1602 1918
162 2433
2000 1573
1251 1099
106 499
1624 1206
1982 1564
307 1654
1047 689
2175 1558
1701 139
1961 1925
2329 842
272 2206
1091 570
1387 2020
2236 406
1674 134
420 2423
637 962
1998 266
2187 195
973 1150
1718 157
1191 1098
420 1810
1150 527
336 2411
1699 821
1276 226
2268 1513
1615 2097
2075 1657
1981 1345
643 243
1925 1405
241 679
2311 1343
2093 1839
2276 99
242 1099
1001 1137
1977 2373
604 147
203 156
2432 1173
2101 2453
1736 1154
1092 1175
2063 1220
817 1695
548 200
2250 1607
1315 863
2042 100
745 411
1653 1541
2431 1937
557 1960
25 2296
1496 2396
1251 1751
1703 1309
1600 1965
1176 761
783 620
1882 1444
1365 543
1805 223
2275 812
1604 527
2047 1933
584 2263
1005 629
989 1371
2386 122
2265 2172
1628 315
1834 2141
304 589
1940 500
2370 1849
797 1971
2030 1592
1595 363
1252 173
275 1086
695 2127
1716 2357
851 1072
509 1631
1062 53
690 2016
2303 1422
1957 1151
1371 214
153 958
949 1663
642 2225
293 1593
849 783
1517 2277
1199 536
2421 634
1947 2012
312 1578
624 1464
653 811
141 1236
1801 2231
240 1508
384 649
877 94
1563 1786
732 87
184 2214
2139 1339
560 584
41 2136
1310 1755
1515 1283
618 1096
2165 387
909 2063
538 857
908 1156
2216 1616
1057 2029
1383 1297
1620 868
1560 418
1501 503
2107 1136
608 1552
1688 46
200 1462
912 709
307 452
2195 563
2295 1332
807 2389
197 341
2228 1284
1021 491
435 2253
792 1907
2324 830
430 21
1354 2233
2437 2391
453 2202
786 1002
878 1310
797 2344
193 1856
1045 178
751 1639
31 710
744 498
1711 1774
752 1755
2246 1737
1546 966
1290 330
732 990
2284 2179
1104 638
1770 1951
1789 264
1443 215
2381 595
908 2347
1656 467
558 1354
1886 1270
2188 1434
2219 928
2137 2159
2018 642
2315 83
110 1052
2355 635
1549 1783
98 1884
2415 793
762 1748
83 1321
166 1399
733 2446
1096 2000
1059 2081
2225 1541
639 1382
1969 1900
1529 1702
2453 1970
840 361
933 1825
258 1729
2083 1179
1777 2276
1393 428
24 1327
908 1738
389 2363
131 542
414 344
1075 2017
724 1503
1183 2181
2136 2455
132 356
2059 2292
1038 1796
1206 1687
534 2396
2242 2103
812 882
212 555
1607 52
812 1051
267 1692
1423 1687
1797 641
1256 774
859 533
274 148
1911 1681
56 810
2382 2177
273 2426
1958 2243
241 618
2468 962
1694 2212
2073 1403
2438 444
2038 908
1174 781
127 1085
1265 401
1246 686
360 2093
2083 346
1889 1488
1376 2148
82 558
595 1465
2352 504
940 388
1742 405
973 664
1628 485
821 1704
1025 1747
1172 1786
35 217
1765 210
1801 1557
2456 357
1260 1733
1018 1523
1962 909
1292 2368
562 599
1722 1996
1286 1161
2019 1079
1795 366
1672 2050
421 2076
243 887
190 2391
1621 2258
1481 635
606 2338
1399 1903
2240 754
2236 2295
1570 793
716 841
1444 2456
576 2027
981 33
419 1614
1396 1790
601 1909
2022 575
2135 2160
2283 109
2401 361
389 1058
222 984
2051 1549
262 1851
906 1561
250 418
1467 929
425 1339
1144 1427
2034 1295
2154 2024
1516 322
2014 2124
343 186
677 44
1328 704
2048 1507
2077 303
1575 71
906 1832
1961 1781
563 1469
464 927
1586 701
327 2069
2151 1902
323 1397
1196 276
766 338
662 707
2174 330
531 2428
976 350
439 2287
1104 2396
2171 958
1314 1370
832 1675
610 414
1044 36
1390 1567
241 851
732 429
94 577
1394 860
543 1026
184 1722
985 905
158 2426
104 1015
769 596
582 1805
2338 432
772 1084
57 1295
1727 1715
353 2217
1188 2134
1072 1443
1393 1401
270 1904
2373 2192
1138 673
155 1022
296 186
2009 1048
246 1804
1670 97
2081 2176
1677 1038
681 305
1845 1290
1146 268
755 2027
1446 1506
2397 98
364 1672
607 2009
1679 213
221 1331
100 479
629 1558
264 1645
2468 1032
2361 477
243 1564
786 407
611 641
464 973
1273 422
786 2193
522 198
39 1224
818 1195
1194 1067
1014 912
197 1244
1205 302
690 704
1822 2230
2316 1448
1783 1634
961 1087
838 233
645 1138
989 456
1215 746
2256 2171
513 1392
1277 146
507 303
973 897
1672 1853
1453 1198
439 1771
781 1930
583 679
1757 2042
840 2362
1399 2368
1120 143
1917 1807
152 123
1973 2023
2169 557
1433 50
2391 265
1259 1665
2306 1693
884 298
994 550
648 91
1151 1194
2369 44
771 247
1415 1791
2349 478
448 1849
674 1754
485 2428
1473 210
678 2269
1680 1768
1430 2223
1524 175
2044 1869
2083 2343
503 246
378 1096
2052 2343
2438 362
2118 535
2103 1563
2192 609
2246 2452
87 360
237 1860
1436 2155
104 1632
1914 824
1011 1673
1238 2310
1672 419
297 1463
1207 356
420 1596
1437 2470
1896 1730
1652 1598
1570 1992
721 1212
237 694
1921 855
1748 182
108 1330
1536 532
1002 1926
2133 671
918 1976
1464 205
2045 207
122 529
880 479
627 337
816 1896
363 2042
85 2307
1260 133
1732 599
830 706
1143 191
1223 2422
1520 1017
917 1118
455 319
1985 835
1702 43
36 1419
1501 1613
1529 2306
1676 1314
1533 687
93 1060
24 2045
846 2041
314 1456
1520 965
2160 1251
522 1526
1759 574
394 2066
88 163
1249 1130
1457 2393
425 1675
36 2328
2389 587
1800 1118
1214 2400
1686 1010
2084 2440
1778 335
265 547
211 1531
1314 2340
734 2319
2182 564
2294 427
2164 1050
1911 1132
2288 1743
1106 521
2141 465
300 1137
1543 1690
1143 1978
1870 2168
2408 2221
1446 1723
2009 840
809 1746
1273 1768
2415 2467
1768 19
145 1727
106 2290
80 132
675 2431
1753 2338
2294 2431
1124 2041
343 2349
1981 377
1190 1039
2427 192
213 2183
1273 1763
573 695
877 542
1206 2146
1811 2014
870 1425
2340 1667
2350 1724
1840 814
2472 1911
1335 92
869 3
889 1186
145 776
1906 1870
1336 1014
427 716
713 1044
2394 247
2314 601
1816 785
940 2303
1632 376
1948 1202
328 1649
1652 1611
1796 849
1464 727
2419 1312
615 650
2385 22
1634 1922
1967 46
1865 2463
1380 2423
250 792
788 24
701 210
1746 1739
1724 2297
2351 725
591 1264
2223 371
1119 1510
2146 2442
175 52
899 2458
703 89
100 1825
429 1680
1618 821
315 1807
2235 2349
1101 2351
380 1060
473 741
1701 1983
1228 161
1193 1227
934 448
995 95
1288 1639
1384 1860
864 2308
1186 730
787 1784
2041 1266
642 1984
1409 2367
555 651
2138 150
2187 788
1230 1963
1731 855
470 753
2259 1683
917 2176
2033 820
2304 515
362 400
2099 1966
2315 1704
1680 1877
853 1993
2010 880
2367 189
2440 530
1726 2169
211 1131
60 2176
1131 1182
1048 1218
365 1035
1401 886
1974 248
1859 1784
899 480
202 1139
725 1188
1746 40
1132 342
822 1000
1908 2272
906 798
1921 395
1875 1580
5 2303
410 2037
255 880
968 202
2392 1922
158 2031
1902 1059
1445 1040
25 65
1869 530
183 1574
899 1961
2429 1696
69 533
2268 432
2415 1191
2370 4
574 1226
1488 1688
883 288
1878 336
632 68
2001 2020
430 1920
334 2159
2218 1745
587 1479
86 2181
2099 2129
1603 1236
2192 717
861 1504
1044 940
329 1583
833 844
82 979
1738 1442
1147 1619
800 2206
1077 1259
1718 1198
1259 186
270 2432
112 863
2397 1575
1378 2165
616 1392
2332 853
2149 2258
958 2225
1655 2419
1135 2203
768 1283
50 2274
1964 1828
1773 2237
1038 464
2288 1289
1563 1872
1033 1193
176 770
934 1923
1289 904
682 2055
1449 864
1801 2335
680 302
1524 582
1440 62
800 2332
2453 967
306 1990
1824 1346
828 2164
34 1750
1241 623
1110 1496
609 160
1971 1051
2247 2302
1842 1565
1075 959
1374 88
1430 1455
42 879
1456 2211
813 1247
804 213
506 1980
807 2302
802 2206
1271 1228
1513 489
1015 1722
2325 1018
580 1568
2372 1624
1109 2082
512 726
1012 1968
578 1522
1962 1685
523 719
1025 1158
911 1465
2347 1906
1407 484
1722 224
563 523
952 1067
1569 600
2252 304
1570 2174
1865 1456
2423 1661
1787 1629
1364 600
663 2217
1299 199
2264 2295
1809 959
203 748
1167 298
1564 775
2421 396
1355 168
987 698
1795 190
1782 2085
640 1725
1468 243
2211 699
1959 2088
615 1419
1727 1252
1781 606
775 930
1644 2223
1075 913
102 1659
1 662
215 1803
1213 1366
551 2080
2191 1990
637 1957
2032 682
2075 1396
2337 1485
1150 207
1492 637
644 1655
1553 623
1437 628
227 934
360 1293
1974 1909
1881 29
964 944
2082 826
2045 753
1342 791
920 273
2329 1819
1469 309
2123 2148
646 1271
597 1603
1598 1025
490 1436
284 1095
899 438
1260 1417
1063 982
2389 1181
68 1948
1012 145
693 2088
1541 1311
1812 654
361 640
1770 1565
304 585
854 1110
2172 976
1194 1951
1456 1538
840 1886
767 2363
757 1390
1857 1367
1109 1867
93 408
1210 918
1782 471
115 563
1048 682
1985 1589
2424 1632
306 264
1867 2428
1270 1181
481 1183
2267 828
2357 316
1712 2055
6 1504
1004 2114
1953 1489
2006 913
964 303
1932 2200
1169 1586
2052 1752
75 1703
1164 244
1078 1756
1987 2059
66 1467
1440 645
1943 2257
990 1336
1389 1957
2468 2450
379 2313
805 2305
2351 594
1738 48
982 1035
2121 1889
1352 1978
736 2393
1323 38
1633 1726
868 408
176 1677
991 1656
1178 2021
209 1408
380 526
2336 905
337 953
1996 361
743 1072
1901 1911
1767 2339
1115 2135
1374 2132
2292 2182
2180 2383
178 49
2418 1781
909 2193
1795 252
426 246
2051 496
2460 1216
1663 784
227 1766
2256 72
2365 2403
1265 2064
167 741
182 1678
1613 131
1921 1126
903 486
513 2394
1223 140
302 656
1643 148
2426 277
38 2110
1883 1116
1775 1359
301 1097
1262 1602
736 1999
1439 1644
609 1588
1538 1656
1275 1528
2266 382
150 728
238 1366
150 485
1384 80
447 344
304 29
1719 2104
1545 336
1391 2243
271 2054
1089 1583
1956 1736
1012 1850
943 1403
1915 2279
287 1040
2039 1471
395 603
1391 722
1159 1729
696 2292
758 911
617 1913
1798 815
963 1784
2412 1817
2350 1924
936 1053
784 2309
1022 1868
1741 258
1313 371
302 1263
1054 1430
938 1154
808 2392
582 1072
2462 565
1208 1374
1890 1684
873 729
129 1951
1009 1549
1669 1857
579 381
1628 1495
8 1539
265 347
1000 431
1468 64
1634 196
2145 1110
48 1960
2099 431
566 1380
681 2471
269 1511
2387 1575
847 1662
344 264
1256 1929
2469 602
1674 1564
2065 315
1051 1114
1914 980
629 2122
388 794
1976 2218
1997 1711
2193 1338
950 1828
1212 1258
1500 802
1470 1265
2372 17
2123 1704
747 604
2276 549
1700 557
1366 358
1421 1241
1675 212
1910 1124
299 1936
710 1267
2142 268
1657 2246
466 1712
1947 964
1674 1574
237 1049
1937 1003
2153 761
2213 334
473 2403
800 1100
372 367
531 1231
847 2317
637 357
816 2297
2373 957
1636 2324
2372 262
290 453
1109 253
358 2027
814 1244
808 2059
1162 525
1354 1018
1858 1059
714 136
293 828
121 2039
870 630
2043 1103
1691 1248
1440 414
1277 2118
2360 871
791 247
212 1601
1329 297
764 2409
1313 1444
580 86
1133 854
489 34
2062 103
307 2471
395 568
52 1987
2183 1977
377 1129
771 1861
263 1353
1241 202
1387 1729
1822 863
2162 475
320 764
1049 1497
956 1155
2190 1806
1932 236
504 1222
1486 2455
1550 842
842 1419
804 334
2186 1529
741 589
1102 539
1714 218
2424 1441
1931 51
2161 2464
1875 450
2139 1448
2083 16
1893 469
163 906
1052 2466
1300 1508
1881 2447
1139 874
735 860
1055 2452
711 935
2336 1320
270 1477
1560 604
1256 1337
2340 443
2179 1080
153 271
428 1990
2452 1660
1435 921
1802 1172
319 292
1324 661
335 1599
1193 122
1715 967
99 2098
231 1657
2285 193
2195 1757
1014 1630
2329 397
2356 2246
347 1219
31 790
79 601
499 1897
1155 967
1931 117
761 918
493 916
1545 1205
2138 2330
1601 979
377 523
1652 1023
1618 1020
2069 425
2123 748
218 274
2055 989
2092 383
237 925
626 1968
699 945
165 2338
1210 666
1787 665
433 1016
2357 1518
89 923
1151 1250
1679 436
2021 141
91 1405
587 72
258 2126
712 333
445 1173
279 159
2325 1880
412 842
713 545
426 2398
1363 1749
1104 1855
1152 603
862 2365
1928 7
1200 12
383 1546
440 1439
1743 358
2095 1122
1125 80
1996 2058
2388 723
1119 2397
102 1239
2311 492
797 1217
1536 1653
770 350
1003 942
1069 321
1243 1976
1499 364
1524 907
1773 658
1797 1038
715 1719
586 1964
157 204
729 2239
340 275
1146 1506
1543 1058
2423 1325
764 758
1395 761
238 228
331 1121
1713 426
2187 2317
411 1427
353 347
1651 861
1684 486
186 1573
2322 1601
1169 1619
1212 2231
229 1423
220 1638
2404 2365
1559 1256
530 1471
1925 996
1356 2450
2416 383
269 1763
174 2413
1724 1805
960 555
2252 25
2199 1590
765 854
753 1451
1991 1094
782 2406
930 1359
9 1803
1556 141
1239 2279
741 2040
450 628
1614 878
488 1898
1396 929
2203 309
438 557
463 1121
384 122
616 1831
2256 2054
694 2245
1709 1698
1303 169
2467 1112
1981 1147
1063 1788
1201 618
2454 516
492 1293
1024 723
2347 348
1468 2426
1166 1847
2316 444
1397 704
2383 2212
2174 1661
1727 253
1775 1556
146 1491
1542 1281
1490 1252
1397 1830
749 1344
1425 2391
1109 155
1493 1276
2437 1608
590 1090
1006 1844
1310 1520
2232 1173
1591 1336
220 1825
603 1196
654 1187
273 1007
648 1012
2148 765
1469 1482
2086 470
1741 1872
427 1235
1937 154
1063 1341
1135 328
1602 2334
140 1888
1229 1607
13 602
1847 153
1423 1707
57 2159
1274 427
2059 1057
1566 87
2219 2355
411 188
20 987
1900 1466
55 1994
1903 1141
459 2084
410 7
1246 64
1385 2214
1107 1302
1247 1616
1022 685
1446 1502
974 1278
1710 480
633 70
516 2325
644 1583
1730 964
1089 2151
2171 560
377 2000
2130 714
1057 1480
2240 1614
2184 1777
1082 2013
208 2346
817 2196
1479 1168
1852 2134
1237 2038
143 577
2392 1076
1964 1199
1407 232
1430 393
774 1966
358 310
2156 1526
153 184
1471 2408
130 2309
1905 2336
279 1049
717 1039
1266 552
2353 1470
2011 2335
925 1691
309 1380
641 1170
1368 1848
1077 1157
1804 1353
2179 2130
1410 1913
2348 1669
1932 269
792 800
921 1890
2367 1716
2236 1323
2254 465
924 1111
1647 705
464 935
514 254
954 1609
831 2472
1213 1302
1626 317
1864 1851
197 578
1033 1933
623 2119
647 1758
1307 1196
2204 137
489 996
2241 2175
307 2299
2253 2091
3 14
626 1962
1263 391
602 612
757 1230
1127 2347
849 556
1737 219
133 1044
575 738
635 859
19 308
2265 2323
1449 962
1712 496
950 1095
873 1219
1719 355
1837 1024
544 722
2168 1328
2462 1550
897 1081
1799 267
2378 1327
2256 828
588 456
1862 192
293 1259
1246 61
142 2379
1855 1793
2154 2069
22 166
1105 1673
997 709
1978 214
1988 1418
396 901
1316 1974
1224 1557
104 18
2282 267
96 809
552 1518
1210 1844
2191 259
1973 152
1716 118
1361 1902
112 1740
114 2128
959 703
898 1442
2110 2050
1346 1100
9 1708
1104 2438
1984 278
819 1391
1313 1728
360 495
2042 1819
1202 1547
1336 2164
697 18
200 1186
2312 1111
339 352
1282 1354
1520 1703
1831 418
1967 1335
571 1538
539 1883
618 943
1351 2127
252 286
2134 278
1733 287
301 2087
259 1817
1005 1065
461 1157
2472 816
728 2175
1731 1261
2213 693
2277 1814
2107 1037
144 1940
770 493
1204 798
1701 2358
1272 2002
1139 2120
238 977
1107 1493
2239 382
592 2404
607 2068
555 68
1844 585
2146 1042
1897 702
562 1432
2144 461
402 219
350 2315
1199 1344
1530 1015
114 111
975 1850
83 1496
2062 1908
2095 109
2261 1711
733 565
724 2361
321 977
1959 1121
622 2154
638 290
158 212
200 2441
2445 34
736 1562
439 2013
1130 1530
1838 1281
1862 2335
2248 2003
1376 1736
1678 408
896 519
1845 835
1316 522
598 14
1467 1793
1685 1320
2123 1777
1789 1860
1487 1207
1681 530
1238 1984
1792 1990
1007 1350
1842 2019
2282 1941
2097 1871
852 183
2359 928
15 773
659 2467
1576 394
78 1730
1029 631
2348 818
310 1385
1928 1831
137 2414
286 288
2114 1965
2468 560
461 1267
1580 2143
1177 324
1490 1076
1623 822
1664 1864
1732 438
1282 341
1675 29
242 1891
1326 1583
1841 108
2089 280
1552 1
2174 343
2190 1981
644 917
2190 590
1999 1546
1185 2437
1097 1130
2286 1530
1892 514
162 1832
576 320
2266 546
1618 388
187 2262
1527 1142
1624 254
580 1588
601 954
1213 876
698 382
1982 2470
2444 478
2176 1068
644 2432
417 1266
2204 39
1061 2084
538 1716
1219 500
41 208
1759 1542
65 1164
2092 2403
35 438
2268 189
669 2407
2435 1375
73 677
2001 707
790 2025
2263 1309
1369 1292
434 274
78 579
2287 1888
1181 940
496 89
1538 1875
1924 1816
1016 744
1589 1243
318 1665
57 1597
51 1280
1184 1007
146 1355
2118 2249
667 334
777 596
194 148
1163 1948
541 1379
2287 515
2411 2189
1773 825
2166 1250
423 1029
2134 931
137 1070
1834 1592
2157 616
981 1802
748 1591
1479 947
705 1726
1368 2412
166 333
1896 2229
451 2040
1699 915
1780 1199
1457 1033
2434 1794
553 1314
853 19
348 523
1148 767
1445 203
2455 194
995 2363
1351 2282
1886 518
1791 2434
1378 2124
1949 1670
2035 1183
86 1995
42 963
2196 88
1392 1843
779 76
1651 1596
527 1594
245 2400
2342 248
1094 2450
1387 38
871 689
2335 545
948 277
1395 712
671 121
206 883
1493 1714
2003 635
2293 872
1184 355
2219 1550
2186 363
39 1926
1181 13
1019 1890
1195 371
2115 1753
1480 332
937 1398
1078 1448
179 1277
2388 1032
274 422
1445 1587
533 1758
2050 665
292 1322
2405 398
1914 442
676 798
679 2328
64 444
955 1184
1364 1089
2092 2116
2316 291
1086 2093
891 1977
2085 860
372 2202
1509 1171
1017 685
2425 1450
1274 1276
233 778
919 92
849 313
837 100
412 38
961 2075
1956 1496
2296 512
471 1295
683 1829
320 402
900 1988
844 106
1982 395
2253 1610
1646 192
556 970
576 1218
171 1370
1432 1426
2462 836
2170 1454
656 736
2244 1542
1161 1082
1055 433
1770 1396
594 1292
1112 279
903 1917
1210 767
2339 2232
1461 1287
295 430
708 1252
981 1955
963 2339
1258 944
1034 1715
712 1596
803 318
1293 759
694 2031
294 1670
1236 1773
558 2157
183 1698
1766 1176
776 1151
295 332
918 156
1647 691
422 1079
1349 1751
1245 944
566 1347
1024 1531
1311 204
1112 85
2387 1078
735 614
2111 2092
1891 575
1332 2405
128 2445
2238 1024
1146 2239
1226 179
40 1684
50 614
2375 259
1986 1299
165 2050
771 1284
893 2030
850 1835
1840 1813
993 636
1676 281
2112 2334
1869 2239
206 2230
1402 140
651 1485
2220 1682
1685 42
541 2309
886 412
1871 682
1330 1578
869 1134
1869 799
435 114
2466 1328
308 2361
2266 1514
852 298
1126 1484
1676 991
149 405
1435 1786
405 1685
1557 1898
1264 1448
2220 1381
753 2334
1429 1473
1833 1629
719 2078
434 342
534 2076
576 692
1497 1047
1158 231
216 107
2087 921
169 1964
1446 1128
1941 2046
2271 2359
774 718
757 1133
2244 1746
998 1987
1688 1274
285 297
349 223
979 467
1970 116
2105 163
79 2334
1203 699
886 2279
165 862
1370 1960
290 2071
2435 492
2182 2117
1090 532
2172 1775
2433 2011
346 1788
2187 1236
569 743
2137 1386
2137 649
745 2158
1363 1460
2145 1523
1165 529
1498 124
1347 1576
1963 985
2344 1756
851 1000
697 21
631 180
2068 2157
1215 495
13 1930
1983 795
1908 1820
512 907
675 1350
35 2245
1382 211
20 708
2456 2394
2275 652
680 1406
1762 2017
2355 2287
1425 357
749 787
477 1243
131 603
1074 2058
49 1410
1631 2182
1189 1348
1649 1987
447 2322
890 1312
81 2277
2101 2377
416 2379
1269 914
549 2253
1714 2269
1373 1273
546 921
1646 2446
485 1385
822 1489
2146 1133
2013 920
1690 1452
1466 2105
2107 1481
17 61
1365 2296
508 2369
1474 558
1601 1833
938 224
365 2254
983 1061
311 2018
1997 135
111 785
1449 1713
596 1984
493 1344
875 1699
2455 1706
1892 1075
1043 1992
627 823
684 1030
246 2450
1126 831
2076 1903
1217 354
773 1334
957 1144
2172 1636
540 2365
1889 1619
2254 2194
1158 566
11 1362
1146 1326
552 797
2100 1729
1300 2386
2147 1078
207 1561
1825 116
1846 224
2225 130
409 1349
1411 1651
492 72
445 846
595 2446
1198 2313
915 2262
405 1459
362 820
571 815
1565 1752
619 80
1719 1504
2372 925
556 549
836 1584
156 636
1849 1651
1373 1966
912 2130
299 1742
51 64
2012 1050
975 1298
312 504
363 1674
653 1578
1820 468
3 160 337 692 4 


734555935